195,559	-173,85
195,826	-173,85
196,094	-173,85
196,362	-204,85
196,629	-155,85
196,897	-50,85
197,165	-3,85
197,432	37,15
197,7	-11,85
197,967	-56,85
198,235	-38,85
198,503	37,15
198,77	74,15
199,038	-27,85
199,305	-7,85
199,573	47,15
199,841	29,15
200,108	-26,85
200,376	10,15
200,643	56,15
200,911	-8,85
201,178	-28,85
201,446	-35,85
201,713	16,15
201,981	10,15
202,248	-62,85
202,516	-35,85
202,783	70,15
203,051	40,15
203,318	-46,85
203,586	-29,85
203,853	59,15
204,12	4,15
204,388	-57,85
204,655	-27,85
204,923	58,15
205,19	51,15
205,457	-69,85
205,725	-41,85
205,992	41,15
206,26	20,15
206,527	-52,85
206,794	-35,85
207,062	39,15
207,329	-7,85
207,596	-33,85
207,863	-35,85
208,131	68,15
208,398	-16,85
208,665	-65,85
208,933	-71,85
209,2	-21,85
209,467	4,15
209,734	-62,85
210,002	-35,85
210,269	47,15
210,536	-55,85
210,803	-90,85
211,07	-59,85
211,338	26,15
211,605	15,15
211,872	-62,85
212,139	-22,85
212,406	58,15
212,674	37,15
212,941	-26,85
213,208	-46,85
213,475	46,15
213,742	38,15
214,009	-61,85
214,276	-53,85
214,543	40,15
214,81	46,15
215,077	-67,85
215,345	-18,85
215,612	118,15
215,879	22,15
216,146	-47,85
216,413	-41,85
216,68	-6,85
216,947	-14,85
217,214	-78,85
217,481	-25,85
217,748	52,15
218,015	25,15
218,282	-25,85
218,549	-38,85
218,816	-20,85
219,083	33,15
219,35	-33,85
219,616	-49,85
219,883	27,15
220,15	18,15
220,417	-39,85
220,684	-8,85
220,951	82,15
221,218	52,15
221,485	-37,85
221,752	-12,85
222,018	21,15
222,285	8,15
222,552	-33,85
222,819	-6,85
223,086	60,15
223,353	34,15
223,619	-63,85
223,886	-45,85
224,153	-0,85
224,42	-24,85
224,686	-85,85
224,953	-59,85
225,22	-17,85
225,487	-44,85
225,753	-72,85
226,02	-55,85
226,287	9,15
226,554	38,15
226,82	-45,85
227,087	-25,85
227,354	25,15
227,62	33,15
227,887	-68,85
228,154	-38,85
228,42	21,15
228,687	-0,85
228,954	1,15
229,22	135,15
229,487	45,15
229,753	48,15
230,02	-57,85
230,287	-54,85
230,553	66,15
230,82	8,15
231,086	-66,85
231,353	-48,85
231,619	9,15
231,886	2,15
232,152	-84,85
232,419	-38,85
232,685	34,15
232,952	-5,85
233,218	-61,85
233,485	-54,85
233,751	-7,85
234,018	12,15
234,284	-51,85
234,551	-52,85
234,817	29,15
235,084	14,15
235,35	-70,85
235,617	-60,85
235,883	89,15
236,149	107,15
236,416	-61,85
236,682	-85,85
236,948	-6,85
237,215	16,15
237,481	-64,85
237,748	-24,85
238,014	40,15
238,28	-25,85
238,547	-81,85
238,813	-77,85
239,079	0,15
239,345	-5,85
239,612	-74,85
239,878	-59,85
240,144	-24,85
240,411	-23,85
240,677	-54,85
240,943	-37,85
241,209	54,15
241,475	35,15
241,742	-81,85
242,008	-45,85
242,274	-9,85
242,54	-34,85
242,806	-70,85
243,073	-68,85
243,339	-36,85
243,605	-40,85
243,871	-61,85
244,137	-15,85
244,403	13,15
244,67	-21,85
244,936	-88,85
245,202	-56,85
245,468	35,15
245,734	-21,85
246	-62,85
246,266	-53,85
246,532	-18,85
246,798	-11,85
247,064	-87,85
247,33	-57,85
247,596	16,15
247,862	17,15
248,128	-55,85
248,394	-82,85
248,66	24,15
248,926	18,15
249,192	-72,85
249,458	-50,85
249,724	5,15
249,99	-2,85
250,256	-58,85
250,522	-51,85
250,788	-19,85
251,054	-7,85
251,32	-27,85
251,586	-23,85
251,852	20,15
252,118	-5,85
252,383	-64,85
252,649	-33,85
252,915	76,15
253,181	49,15
253,447	-51,85
253,713	-54,85
253,978	38,15
254,244	-10,85
254,51	-36,85
254,776	6,15
255,042	55,15
255,307	20,15
255,573	-41,85
255,839	-46,85
256,105	27,15
256,371	-3,85
256,636	-77,85
256,902	-63,85
257,168	-13,85
257,433	-16,85
257,699	-76,85
257,965	-71,85
258,23	-23,85
258,496	-40,85
258,762	-87,85
259,028	-55,85
259,293	19,15
259,559	5,15
259,824	-50,85
260,09	-33,85
260,356	15,15
260,621	1,15
260,887	-74,85
261,152	-60,85
261,418	2,15
261,684	4,15
261,949	-48,85
262,215	-59,85
262,48	13,15
262,746	-41,85
263,011	-26,85
263,277	16,15
263,542	15,15
263,808	25,15
264,073	-73,85
264,339	-79,85
264,604	-25,85
264,87	8,15
265,135	-32,85
265,401	-39,85
265,666	-2,85
265,932	-18,85
266,197	-76,85
266,463	-73,85
266,728	-25,85
266,993	-24,85
267,259	-46,85
267,524	-43,85
267,79	-2,85
268,055	6,15
268,32	-49,85
268,586	-46,85
268,851	-31,85
269,116	-44,85
269,382	-86,85
269,647	-16,85
269,912	4,15
270,178	-60,85
270,443	-81,85
270,708	-31,85
270,973	57,15
271,239	49,15
271,504	-76,85
271,769	-48,85
272,034	46,15
272,3	24,15
272,565	-63,85
272,83	-28,85
273,095	39,15
273,36	-8,85
273,626	-75,85
273,891	-58,85
274,156	-10,85
274,421	3,15
274,686	-56,85
274,951	-32,85
275,217	121,15
275,482	35,15
275,747	-46,85
276,012	-60,85
276,277	-45,85
276,542	-49,85
276,807	-58,85
277,072	-16,85
277,337	57,15
277,602	42,15
277,868	-23,85
278,133	-14,85
278,398	43,15
278,663	-20,85
278,928	-86,85
279,193	-58,85
279,458	29,15
279,723	-1,85
279,988	-58,85
280,253	-70,85
280,518	-11,85
280,783	3,15
281,047	-54,85
281,312	-27,85
281,577	39,15
281,842	-1,85
282,107	-72,85
282,372	-19,85
282,637	39,15
282,902	37,15
283,167	-62,85
283,432	-40,85
283,696	22,15
283,961	-17,85
284,226	-58,85
284,491	-26,85
284,756	45,15
285,021	-40,85
285,285	-83,85
285,55	-73,85
285,815	-15,85
286,08	-40,85
286,345	-67,85
286,609	-14,85
286,874	12,15
287,139	-10,85
287,404	-56,85
287,668	-41,85
287,933	10,15
288,198	-28,85
288,463	-70,85
288,727	-9,85
288,992	59,15
289,257	-11,85
289,521	-73,85
289,786	-61,85
290,051	-1,85
290,315	24,15
290,58	-44,85
290,845	-37,85
291,109	25,15
291,374	-1,85
291,638	-45,85
291,903	-9,85
292,168	28,15
292,432	-39,85
292,697	-49,85
292,961	-16,85
293,226	15,15
293,49	1,15
293,755	-52,85
294,019	-16,85
294,284	70,15
294,549	-23,85
294,813	-98,85
295,077	-46,85
295,342	81,15
295,606	67,15
295,871	-51,85
296,135	-15,85
296,4	45,15
296,664	0,15
296,929	-12,85
297,193	-17,85
297,458	12,15
297,722	28,15
297,986	-22,85
298,251	-26,85
298,515	40,15
298,78	-3,85
299,044	-27,85
299,308	-18,85
299,573	32,15
299,837	57,15
300,101	-63,85
300,366	-59,85
300,63	-28,85
300,894	12,15
301,158	-49,85
301,423	-44,85
301,687	17,15
301,951	-55,85
302,216	-78,85
302,48	-75,85
302,744	-10,85
303,008	-7,85
303,273	-25,85
303,537	-19,85
303,801	8,15
304,065	-27,85
304,329	-60,85
304,594	-18,85
304,858	16,15
305,122	14,15
305,386	-77,85
305,65	-33,85
305,914	75,15
306,179	41,15
306,443	-45,85
306,707	-10,85
306,971	127,15
307,235	115,15
307,499	28,15
307,763	51,15
308,027	108,15
308,291	33,15
308,555	0,15
308,819	36,15
309,083	127,15
309,347	105,15
309,611	64,15
309,875	124,15
310,139	210,15
310,403	186,15
310,667	73,15
310,931	90,15
311,195	144,15
311,459	132,15
311,723	58,15
311,987	56,15
312,251	138,15
312,515	88,15
312,779	51,15
313,043	56,15
313,307	92,15
313,571	106,15
313,835	61,15
314,099	64,15
314,362	121,15
314,626	114,15
314,89	31,15
315,154	64,15
315,418	115,15
315,682	107,15
315,945	82,15
316,209	81,15
316,473	137,15
316,737	154,15
317,001	46,15
317,264	16,15
317,528	80,15
317,792	33,15
318,056	1,15
318,319	39,15
318,583	92,15
318,847	40,15
319,111	5,15
319,374	7,15
319,638	55,15
319,902	19,15
320,165	-47,85
320,429	-35,85
320,693	-9,85
320,956	-31,85
321,22	-19,85
321,484	-4,85
321,747	40,15
322,011	9,15
322,274	-13,85
322,538	-27,85
322,802	-5,85
323,065	-9,85
323,329	-54,85
323,592	6,15
323,856	67,15
324,119	17,15
324,383	-26,85
324,647	-3,85
324,91	81,15
325,174	44,15
325,437	22,15
325,701	3,15
325,964	47,15
326,228	25,15
326,491	-16,85
326,754	11,15
327,018	83,15
327,281	71,15
327,545	-7,85
327,808	6,15
328,072	126,15
328,335	154,15
328,598	293,15
328,862	650,15
329,125	648,15
329,389	241,15
329,652	70,15
329,915	28,15
330,179	51,15
330,442	14,15
330,705	39,15
330,969	25,15
331,232	64,15
331,495	52,15
331,759	14,15
332,022	37,15
332,285	78,15
332,548	106,15
332,812	33,15
333,075	66,15
333,338	77,15
333,601	24,15
333,865	39,15
334,128	47,15
334,391	174,15
334,654	185,15
334,918	148,15
335,181	178,15
335,444	253,15
335,707	223,15
335,97	156,15
336,233	191,15
336,497	359,15
336,76	455,15
337,023	505,15
337,286	516,15
337,549	541,15
337,812	504,15
338,075	446,15
338,338	389,15
338,601	312,15
338,864	235,15
339,128	221,15
339,391	372,15
339,654	466,15
339,917	195,15
340,18	52,15
340,443	23,15
340,706	64,15
340,969	52,15
341,232	41,15
341,495	35,15
341,758	37,15
342,021	-11,85
342,284	-11,85
342,547	4,15
342,809	38,15
343,072	4,15
343,335	-26,85
343,598	-25,85
343,861	22,15
344,124	53,15
344,387	21,15
344,65	-1,85
344,913	1,15
345,176	14,15
345,438	-28,85
345,701	12,15
345,964	37,15
346,227	40,15
346,49	-15,85
346,753	-1,85
347,015	27,15
347,278	26,15
347,541	34,15
347,804	17,15
348,066	28,15
348,329	36,15
348,592	23,15
348,855	37,15
349,117	87,15
349,38	48,15
349,643	36,15
349,906	83,15
350,168	137,15
350,431	85,15
350,694	49,15
350,956	55,15
351,219	83,15
351,482	62,15
351,744	43,15
352,007	48,15
352,27	175,15
352,532	135,15
352,795	88,15
353,057	126,15
353,32	227,15
353,583	172,15
353,845	156,15
354,108	173,15
354,37	228,15
354,633	225,15
354,895	156,15
355,158	183,15
355,42	264,15
355,683	268,15
355,945	224,15
356,208	273,15
356,47	445,15
356,733	470,15
356,995	440,15
357,258	472,15
357,52	569,15
357,783	578,15
358,045	595,15
358,308	654,15
358,57	635,15
358,832	530,15
359,095	478,15
359,357	450,15
359,62	416,15
359,882	276,15
360,144	148,15
360,407	78,15
360,669	149,15
360,931	101,15
361,194	52,15
361,456	70,15
361,718	119,15
361,981	108,15
362,243	22,15
362,505	-14,85
362,768	55,15
363,03	110,15
363,292	-5,85
363,554	48,15
363,817	144,15
364,079	39,15
364,341	-44,85
364,603	-7,85
364,866	63,15
365,128	23,15
365,39	17,15
365,652	23,15
365,914	51,15
366,177	46,15
366,439	11,15
366,701	-25,85
366,963	40,15
367,225	75,15
367,487	15,15
367,749	7,15
368,012	32,15
368,274	44,15
368,536	4,15
368,798	13,15
369,06	45,15
369,322	92,15
369,584	31,15
369,846	12,15
370,108	85,15
370,37	74,15
370,632	24,15
370,894	24,15
371,156	105,15
371,418	111,15
371,68	59,15
371,942	81,15
372,204	146,15
372,466	112,15
372,728	78,15
372,99	87,15
373,252	101,15
373,514	102,15
373,776	55,15
374,038	105,15
374,3	213,15
374,562	144,15
374,823	84,15
375,085	82,15
375,347	189,15
375,609	173,15
375,871	129,15
376,133	134,15
376,395	154,15
376,656	106,15
376,918	48,15
377,18	97,15
377,442	153,15
377,704	101,15
377,965	86,15
378,227	88,15
378,489	187,15
378,751	181,15
379,013	141,15
379,274	157,15
379,536	260,15
379,798	276,15
380,059	240,15
380,321	282,15
380,583	382,15
380,845	448,15
381,106	445,15
381,368	437,15
381,63	397,15
381,891	410,15
382,153	419,15
382,415	538,15
382,676	678,15
382,938	810,15
383,199	892,15
383,461	1049,15
383,723	1227,15
383,984	1354,15
384,246	1486,15
384,507	1644,15
384,769	1862,15
385,03	2063,15
385,292	2362,15
385,554	2788,15
385,815	3125,15
386,077	3183,15
386,338	3210,15
386,6	3414,15
386,861	3595,15
387,123	3366,15
387,384	3424,15
387,646	4110,15
387,907	4200,15
388,168	2919,15
388,43	2705,15
388,691	4905,15
388,953	7600,15
389,214	6431,15
389,476	2308,15
389,737	647,15
389,998	351,15
390,26	226,15
390,521	106,15
390,782	120,15
391,044	156,15
391,305	85,15
391,566	97,15
391,828	179,15
392,089	211,15
392,35	95,15
392,612	45,15
392,873	57,15
393,134	125,15
393,396	164,15
393,657	88,15
393,918	96,15
394,179	157,15
394,441	103,15
394,702	63,15
394,963	101,15
395,224	177,15
395,486	172,15
395,747	65,15
396,008	58,15
396,269	114,15
396,53	88,15
396,791	25,15
397,053	73,15
397,314	105,15
397,575	69,15
397,836	23,15
398,097	20,15
398,358	50,15
398,619	34,15
398,88	21,15
399,142	40,15
399,403	133,15
399,664	102,15
399,925	42,15
400,186	60,15
400,447	138,15
400,708	77,15
400,969	-1,85
401,23	15,15
401,491	86,15
401,752	39,15
402,013	-11,85
402,274	28,15
402,535	89,15
402,796	22,15
403,057	-23,85
403,318	27,15
403,579	110,15
403,84	132,15
404,101	99,15
404,361	89,15
404,622	97,15
404,883	107,15
405,144	83,15
405,405	102,15
405,666	170,15
405,927	110,15
406,188	66,15
406,449	104,15
406,709	115,15
406,97	84,15
407,231	17,15
407,492	-19,85
407,753	29,15
408,013	60,15
408,274	16,15
408,535	-3,85
408,796	50,15
409,057	70,15
409,317	23,15
409,578	20,15
409,839	26,15
410,099	4,15
410,36	5,15
410,621	46,15
410,882	129,15
411,142	105,15
411,403	29,15
411,664	20,15
411,924	105,15
412,185	147,15
412,446	69,15
412,706	96,15
412,967	202,15
413,228	165,15
413,488	104,15
413,749	162,15
414,009	260,15
414,27	259,15
414,53	182,15
414,791	200,15
415,052	265,15
415,312	285,15
415,573	315,15
415,833	382,15
416,094	471,15
416,354	415,15
416,615	362,15
416,875	302,15
417,136	372,15
417,396	433,15
417,657	342,15
417,917	284,15
418,178	291,15
418,438	391,15
418,699	402,15
418,959	371,15
419,219	302,15
419,48	240,15
419,74	239,15
420,001	376,15
420,261	607,15
420,521	605,15
420,782	347,15
421,042	220,15
421,303	212,15
421,563	217,15
421,823	274,15
422,084	480,15
422,344	612,15
422,604	328,15
422,864	62,15
423,125	39,15
423,385	86,15
423,645	88,15
423,906	25,15
424,166	58,15
424,426	110,15
424,686	65,15
424,947	11,15
425,207	-1,85
425,467	73,15
425,727	74,15
425,987	9,15
426,248	7,15
426,508	110,15
426,768	117,15
427,028	51,15
427,288	58,15
427,548	127,15
427,809	118,15
428,069	13,15
428,329	69,15
428,589	185,15
428,849	101,15
429,109	24,15
429,369	11,15
429,629	74,15
429,889	66,15
430,149	12,15
430,41	1,15
430,67	60,15
430,93	89,15
431,19	27,15
431,45	90,15
431,71	233,15
431,97	190,15
432,23	18,15
432,49	-20,85
432,75	72,15
433,01	24,15
433,27	-6,85
433,53	18,15
433,789	118,15
434,049	96,15
434,309	31,15
434,569	53,15
434,829	95,15
435,089	73,15
435,349	25,15
435,609	45,15
435,869	89,15
436,129	71,15
436,388	-7,85
436,648	26,15
436,908	92,15
437,168	58,15
437,428	-30,85
437,688	-3,85
437,947	92,15
438,207	73,15
438,467	-21,85
438,727	16,15
438,986	128,15
439,246	93,15
439,506	-9,85
439,766	-28,85
440,025	58,15
440,285	47,15
440,545	-15,85
440,805	3,15
441,064	84,15
441,324	17,15
441,584	-14,85
441,843	-23,85
442,103	41,15
442,363	24,15
442,622	-41,85
442,882	-26,85
443,142	50,15
443,401	77,15
443,661	-1,85
443,92	-23,85
444,18	4,15
444,44	23,15
444,699	-27,85
444,959	-31,85
445,218	34,15
445,478	35,15
445,737	-10,85
445,997	-7,85
446,256	35,15
446,516	-0,85
446,776	-51,85
447,035	-47,85
447,294	15,15
447,554	33,15
447,813	-8,85
448,073	38,15
448,332	88,15
448,592	49,15
448,851	27,15
449,111	48,15
449,37	99,15
449,63	50,15
449,889	52,15
450,148	78,15
450,408	144,15
450,667	90,15
450,926	27,15
451,186	27,15
451,445	81,15
451,705	37,15
451,964	19,15
452,223	40,15
452,483	70,15
452,742	28,15
453,001	-34,85
453,26	25,15
453,52	113,15
453,779	85,15
454,038	-19,85
454,298	-2,85
454,557	40,15
454,816	50,15
455,075	55,15
455,334	78,15
455,594	93,15
455,853	67,15
456,112	37,15
456,371	14,15
456,63	70,15
456,89	30,15
457,149	-31,85
457,408	-3,85
457,667	60,15
457,926	93,15
458,185	6,15
458,445	22,15
458,704	45,15
458,963	61,15
459,222	-14,85
459,481	15,15
459,74	112,15
459,999	76,15
460,258	-7,85
460,517	-19,85
460,776	59,15
461,035	37,15
461,294	5,15
461,553	32,15
461,812	89,15
462,071	48,15
462,33	-48,85
462,589	-42,85
462,848	16,15
463,107	8,15
463,366	-16,85
463,625	-8,85
463,884	28,15
464,143	38,15
464,402	17,15
464,661	21,15
464,92	98,15
465,179	46,15
465,438	-12,85
465,696	2,15
465,955	51,15
466,214	39,15
466,473	19,15
466,732	26,15
466,991	52,15
467,249	55,15
467,508	-15,85
467,767	18,15
468,026	76,15
468,285	50,15
468,543	8,15
468,802	27,15
469,061	64,15
469,32	35,15
469,579	-23,85
469,837	3,15
470,096	73,15
470,355	29,15
470,613	-26,85
470,872	-16,85
471,131	62,15
471,39	82,15
471,648	-4,85
471,907	13,15
472,166	76,15
472,424	68,15
472,683	17,15
472,942	30,15
473,2	109,15
473,459	60,15
473,717	4,15
473,976	25,15
474,235	202,15
474,493	212,15
474,752	12,15
475,01	5,15
475,269	9,15
475,527	15,15
475,786	-32,85
476,044	12,15
476,303	28,15
476,562	33,15
476,82	3,15
477,079	95,15
477,337	208,15
477,596	91,15
477,854	7,15
478,112	6,15
478,371	61,15
478,629	35,15
478,888	10,15
479,146	4,15
479,405	82,15
479,663	47,15
479,921	-29,85
480,18	-9,85
480,438	54,15
480,697	87,15
480,955	1,15
481,213	48,15
481,472	144,15
481,73	117,15
481,988	40,15
482,247	25,15
482,505	102,15
482,763	122,15
483,022	20,15
483,28	20,15
483,538	84,15
483,796	58,15
484,055	-2,85
484,313	41,15
484,571	119,15
484,829	88,15
485,088	-11,85
485,346	6,15
485,604	61,15
485,862	148,15
486,121	321,15
486,379	50,15
486,637	133,15
486,895	221,15
487,153	91,15
487,411	36,15
487,67	57,15
487,928	60,15
488,186	14,15
488,444	22,15
488,702	105,15
488,96	113,15
489,218	54,15
489,476	83,15
489,734	104,15
489,992	53,15
490,251	-37,85
490,509	-4,85
490,767	47,15
491,025	18,15
491,283	13,15
491,541	45,15
491,799	127,15
492,057	114,15
492,315	12,15
492,573	29,15
492,831	70,15
493,089	59,15
493,347	-5,85
493,605	4,15
493,862	30,15
494,12	35,15
494,378	-35,85
494,636	-17,85
494,894	34,15
495,152	38,15
495,41	-33,85
495,668	0,15
495,926	77,15
496,183	77,15
496,441	29,15
496,699	50,15
496,957	142,15
497,215	97,15
497,473	17,15
497,73	25,15
497,988	62,15
498,246	13,15
498,504	8,15
498,762	63,15
499,019	82,15
499,277	-1,85
499,535	-40,85
499,793	-0,85
500,05	61,15
500,308	37,15
500,566	-3,85
500,823	-3,85
501,081	62,15
501,339	48,15
501,597	-2,85
501,854	9,15
502,112	61,15
502,37	93,15
502,627	17,15
502,885	39,15
503,142	102,15
503,4	49,15
503,658	-18,85
503,915	5,15
504,173	40,15
504,43	2,15
504,688	-33,85
504,946	14,15
505,203	137,15
505,461	69,15
505,718	-5,85
505,976	28,15
506,233	92,15
506,491	91,15
506,748	24,15
507,006	38,15
507,263	105,15
507,521	132,15
507,778	71,15
508,036	87,15
508,293	116,15
508,551	83,15
508,808	45,15
509,065	50,15
509,323	114,15
509,58	108,15
509,838	31,15
510,095	64,15
510,352	186,15
510,61	204,15
510,867	38,15
511,125	69,15
511,382	110,15
511,639	106,15
511,897	73,15
512,154	89,15
512,411	151,15
512,668	124,15
512,926	84,15
513,183	117,15
513,44	227,15
513,698	185,15
513,955	113,15
514,212	105,15
514,469	159,15
514,727	148,15
514,984	123,15
515,241	169,15
515,498	232,15
515,755	271,15
516,013	155,15
516,27	185,15
516,527	305,15
516,784	286,15
517,041	332,15
517,299	341,15
517,556	250,15
517,813	127,15
518,07	51,15
518,327	21,15
518,584	62,15
518,841	55,15
519,098	-7,85
519,355	10,15
519,612	111,15
519,87	152,15
520,127	3,15
520,384	6,15
520,641	73,15
520,898	55,15
521,155	-19,85
521,412	21,15
521,669	174,15
521,926	144,15
522,183	13,15
522,44	56,15
522,697	122,15
522,954	39,15
523,211	-8,85
523,468	14,15
523,724	70,15
523,981	16,15
524,238	-27,85
524,495	21,15
524,752	44,15
525,009	40,15
525,266	-14,85
525,523	10,15
525,78	39,15
526,036	89,15
526,293	24,15
526,55	53,15
526,807	110,15
527,064	41,15
527,321	0,15
527,577	8,15
527,834	60,15
528,091	36,15
528,348	-16,85
528,605	-1,85
528,861	85,15
529,118	47,15
529,375	-25,85
529,632	15,15
529,888	43,15
530,145	20,15
530,402	-23,85
530,658	2,15
530,915	52,15
531,172	29,15
531,428	6,15
531,685	-5,85
531,942	26,15
532,198	-4,85
532,455	-25,85
532,712	-7,85
532,968	58,15
533,225	47,15
533,482	-3,85
533,738	-3,85
533,995	54,15
534,251	39,15
534,508	-3,85
534,764	28,15
535,021	115,15
535,278	63,15
535,534	-1,85
535,791	-27,85
536,047	47,15
536,304	34,15
536,56	-14,85
536,817	-22,85
537,073	16,15
537,33	43,15
537,586	-10,85
537,842	26,15
538,099	131,15
538,355	127,15
538,612	-4,85
538,868	20,15
539,125	63,15
539,381	-18,85
539,637	-29,85
539,894	-6,85
540,15	53,15
540,407	32,15
540,663	23,15
540,919	42,15
541,176	78,15
541,432	32,15
541,688	7,15
541,945	35,15
542,201	60,15
542,457	37,15
542,714	25,15
542,97	-1,85
543,226	71,15
543,482	45,15
543,739	15,15
543,995	-1,85
544,251	40,15
544,507	21,15
544,764	5,15
545,02	22,15
545,276	80,15
545,532	73,15
545,788	2,15
546,045	14,15
546,301	52,15
546,557	34,15
546,813	31,15
547,069	56,15
547,325	177,15
547,581	123,15
547,838	22,15
548,094	11,15
548,35	59,15
548,606	24,15
548,862	-8,85
549,118	-2,85
549,374	30,15
549,63	48,15
549,886	-19,85
550,142	-0,85
550,398	70,15
550,654	68,15
550,91	21,15
551,166	41,15
551,422	72,15
551,678	60,15
551,934	-11,85
552,19	-12,85
552,446	70,15
552,702	39,15
552,958	-34,85
553,214	4,15
553,47	62,15
553,726	81,15
553,982	16,15
554,238	14,15
554,494	79,15
554,749	82,15
555,005	29,15
555,261	1,15
555,517	57,15
555,773	71,15
556,029	17,15
556,285	52,15
556,54	89,15
556,796	99,15
557,052	32,15
557,308	57,15
557,564	130,15
557,819	14,15
558,075	-2,85
558,331	5,15
558,587	53,15
558,842	101,15
559,098	45,15
559,354	27,15
559,61	44,15
559,865	94,15
560,121	23,15
560,377	11,15
560,632	62,15
560,888	80,15
561,144	13,15
561,399	58,15
561,655	138,15
561,911	93,15
562,166	16,15
562,422	62,15
562,678	112,15
562,933	78,15
563,189	10,15
563,444	27,15
563,7	74,15
563,956	111,15
564,211	71,15
564,467	56,15
564,722	97,15
564,978	46,15
565,233	-5,85
565,489	16,15
565,744	81,15
566	73,15
566,255	4,15
566,511	-14,85
566,766	79,15
567,022	92,15
567,277	-0,85
567,533	25,15
567,788	81,15
568,044	56,15
568,299	25,15
568,554	64,15
568,81	130,15
569,065	76,15
569,321	23,15
569,576	30,15
569,831	52,15
570,087	34,15
570,342	16,15
570,597	-6,85
570,853	32,15
571,108	61,15
571,363	8,15
571,619	-4,85
571,874	21,15
572,129	50,15
572,385	3,15
572,64	6,15
572,895	46,15
573,15	38,15
573,406	-7,85
573,661	13,15
573,916	72,15
574,171	46,15
574,427	-10,85
574,682	3,15
574,937	32,15
575,192	0,15
575,447	0,15
575,703	40,15
575,958	67,15
576,213	25,15
576,468	16,15
576,723	-2,85
576,978	95,15
577,233	165,15
577,489	-2,85
577,744	39,15
577,999	138,15
578,254	77,15
578,509	-5,85
578,764	19,15
579,019	93,15
579,274	14,15
579,529	-9,85
579,784	13,15
580,039	78,15
580,294	67,15
580,549	-3,85
580,804	25,15
581,059	81,15
581,314	24,15
581,569	-11,85
581,824	17,15
582,079	32,15
582,334	42,15
582,589	4,15
582,844	29,15
583,099	113,15
583,354	86,15
583,609	0,15
583,864	-8,85
584,118	65,15
584,373	64,15
584,628	29,15
584,883	11,15
585,138	34,15
585,393	-8,85
585,648	-28,85
585,902	-17,85
586,157	3,15
586,412	37,15
586,667	24,15
586,922	39,15
587,176	63,15
587,431	50,15
587,686	-4,85
587,941	-29,85
588,196	55,15
588,45	68,15
588,705	41,15
588,96	141,15
589,214	768,15
589,469	2239,15
589,724	3540,15
589,979	3758,15
590,233	3469,15
590,488	2557,15
590,743	1321,15
590,997	476,15
591,252	227,15
591,506	138,15
591,761	53,15
592,016	46,15
592,27	148,15
592,525	70,15
592,78	-26,85
593,034	-8,85
593,289	69,15
593,543	61,15
593,798	-13,85
594,052	1,15
594,307	67,15
594,561	1,15
594,816	-20,85
595,07	-0,85
595,325	50,15
595,579	48,15
595,834	-12,85
596,088	-31,85
596,343	13,15
596,597	-14,85
596,852	-33,85
597,106	-4,85
597,361	64,15
597,615	36,15
597,87	-13,85
598,124	-6,85
598,378	16,15
598,633	10,15
598,887	12,15
599,142	18,15
599,396	73,15
599,65	13,15
599,905	-18,85
600,159	5,15
600,413	76,15
600,668	39,15
600,922	11,15
601,176	9,15
601,431	72,15
601,685	104,15
601,939	49,15
602,193	54,15
602,448	92,15
602,702	76,15
602,956	-2,85
603,21	-16,85
603,465	57,15
603,719	71,15
603,973	56,15
604,227	76,15
604,481	111,15
604,736	53,15
604,99	20,15
605,244	2,15
605,498	54,15
605,752	37,15
606,006	1,15
606,261	-5,85
606,515	48,15
606,769	55,15
607,023	-2,85
607,277	2,15
607,531	24,15
607,785	13,15
608,039	6,15
608,293	15,15
608,547	101,15
608,801	36,15
609,055	-26,85
609,309	20,15
609,563	109,15
609,817	37,15
610,071	-26,85
610,325	-25,85
610,579	36,15
610,833	9,15
611,087	-27,85
611,341	12,15
611,595	62,15
611,849	32,15
612,103	-13,85
612,357	3,15
612,611	40,15
612,865	30,15
613,119	2,15
613,373	-12,85
613,627	8,15
613,88	29,15
614,134	-24,85
614,388	-12,85
614,642	17,15
614,896	-1,85
615,15	-9,85
615,404	3,15
615,657	62,15
615,911	40,15
616,165	-34,85
616,419	19,15
616,673	81,15
616,926	31,15
617,18	-40,85
617,434	4,15
617,688	84,15
617,941	60,15
618,195	18,15
618,449	-3,85
618,702	76,15
618,956	35,15
619,21	-9,85
619,463	5,15
619,717	39,15
619,971	29,15
620,224	-24,85
620,478	-35,85
620,732	19,15
620,985	21,15
621,239	-3,85
621,493	-2,85
621,746	38,15
622	27,15
622,253	9,15
622,507	5,15
622,761	44,15
623,014	15,15
623,268	-28,85
623,521	-48,85
623,775	-29,85
624,028	-15,85
624,282	-30,85
624,535	3,15
624,789	100,15
625,042	21,15
625,296	-8,85
625,549	-23,85
625,803	-14,85
626,056	-48,85
626,31	-52,85
626,563	-46,85
626,816	17,15
627,07	18,15
627,323	-56,85
627,577	-41,85
627,83	21,15
628,083	7,15
628,337	-8,85
628,59	-22,85
628,844	-4,85
629,097	-13,85
629,35	-29,85
629,604	-19,85
629,857	53,15
630,11	35,15
630,364	-12,85
630,617	4,15
630,87	54,15
631,123	47,15
631,377	-6,85
631,63	-3,85
631,883	70,15
632,136	22,15
632,39	-18,85
632,643	-5,85
632,896	16,15
633,149	34,15
633,403	9,15
633,656	-10,85
633,909	37,15
634,162	53,15
634,415	-19,85
634,668	5,15
634,922	86,15
635,175	50,15
635,428	-1,85
635,681	0,15
635,934	47,15
636,187	-3,85
636,44	-11,85
636,693	15,15
636,947	84,15
637,2	71,15
637,453	39,15
637,706	36,15
637,959	101,15
638,212	61,15
638,465	-36,85
638,718	4,15
638,971	30,15
639,224	12,15
639,477	-17,85
639,73	-11,85
639,983	88,15
640,236	33,15
640,489	-24,85
640,742	-31,85
640,995	27,15
641,248	39,15
641,5	-14,85
641,753	-31,85
642,006	52,15
642,259	108,15
642,512	25,15
642,765	28,15
643,018	77,15
643,271	101,15
643,524	5,15
643,776	14,15
644,029	40,15
644,282	39,15
644,535	-7,85
644,788	4,15
645,041	92,15
645,293	68,15
645,546	3,15
645,799	12,15
646,052	43,15
646,304	72,15
646,557	2,15
646,81	7,15
647,063	59,15
647,315	67,15
647,568	-1,85
647,821	7,15
648,073	61,15
648,326	34,15
648,579	16,15
648,832	41,15
649,084	89,15
649,337	64,15
649,589	25,15
649,842	41,15
650,095	116,15
650,347	76,15
650,6	36,15
650,853	31,15
651,105	82,15
651,358	135,15
651,61	48,15
651,863	24,15
652,115	56,15
652,368	46,15
652,621	25,15
652,873	18,15
653,126	73,15
653,378	99,15
653,631	33,15
653,883	39,15
654,136	57,15
654,388	109,15
654,641	25,15
654,893	45,15
655,146	105,15
655,398	60,15
655,65	-7,85
655,903	33,15
656,155	118,15
656,408	293,15
656,66	755,15
656,912	1185,15
657,165	1114,15
657,417	800,15
657,67	322,15
657,922	105,15
658,174	92,15
658,427	79,15
658,679	19,15
658,931	27,15
659,184	65,15
659,436	39,15
659,688	-16,85
659,941	6,15
660,193	119,15
660,445	112,15
660,697	-1,85
660,95	23,15
661,202	48,15
661,454	25,15
661,706	-5,85
661,959	-1,85
662,211	48,15
662,463	8,15
662,715	-15,85
662,967	12,15
663,22	61,15
663,472	13,15
663,724	-20,85
663,976	-12,85
664,228	39,15
664,48	59,15
664,732	13,15
664,985	14,15
665,237	76,15
665,489	57,15
665,741	10,15
665,993	-5,85
666,245	63,15
666,497	60,15
666,749	3,15
667,001	-0,85
667,253	73,15
667,505	44,15
667,757	3,15
668,009	49,15
668,261	162,15
668,513	148,15
668,765	90,15
669,017	67,15
669,269	134,15
669,521	67,15
669,773	8,15
670,025	31,15
670,277	91,15
670,529	47,15
670,781	-22,85
671,033	-3,85
671,285	61,15
671,536	86,15
671,788	17,15
672,04	37,15
672,292	96,15
672,544	10,15
672,796	-42,85
673,048	-35,85
673,299	35,15
673,551	40,15
673,803	-24,85
674,055	-2,85
674,307	47,15
674,558	30,15
674,81	-3,85
675,062	-27,85
675,314	10,15
675,566	-7,85
675,817	-8,85
676,069	13,15
676,321	78,15
676,572	36,15
676,824	-39,85
677,076	-45,85
677,328	-3,85
677,579	12,15
677,831	-52,85
678,083	-10,85
678,334	57,15
678,586	108,15
678,837	-33,85
679,089	-22,85
679,341	60,15
679,592	34,15
679,844	-5,85
680,096	24,15
680,347	98,15
680,599	41,15
680,85	-52,85
681,102	-58,85
681,353	-24,85
681,605	27,15
681,856	-11,85
682,108	14,15
682,359	39,15
682,611	6,15
682,862	-19,85
683,114	-22,85
683,365	62,15
683,617	1,15
683,868	-38,85
684,12	4,15
684,371	72,15
684,623	16,15
684,874	-16,85
685,126	-15,85
685,377	21,15
685,628	20,15
685,88	-45,85
686,131	-27,85
686,383	33,15
686,634	4,15
686,885	-41,85
687,137	-22,85
687,388	66,15
687,639	58,15
687,891	-2,85
688,142	-7,85
688,393	55,15
688,645	-6,85
688,896	-64,85
689,147	-34,85
689,398	27,15
689,65	21,15
689,901	-53,85
690,152	-50,85
690,403	12,15
690,655	34,15
690,906	-56,85
691,157	-66,85
691,408	18,15
691,659	58,15
691,911	-53,85
692,162	-26,85
692,413	48,15
692,664	-15,85
692,915	-44,85
693,166	-26,85
693,418	-7,85
693,669	-10,85
693,92	-32,85
694,171	3,15
694,422	70,15
694,673	42,15
694,924	-11,85
695,175	-2,85
695,426	83,15
695,677	34,15
695,928	-24,85
696,179	17,15
696,43	186,15
696,681	651,15
696,932	1723,15
697,183	2454,15
697,434	2475,15
697,685	2054,15
697,936	1033,15
698,187	374,15
698,438	179,15
698,689	151,15
698,94	30,15
699,191	34,15
699,442	104,15
699,693	55,15
699,944	-23,85
700,195	-5,85
700,446	48,15
700,697	10,15
700,947	-6,85
701,198	-2,85
701,449	62,15
701,7	17,15
701,951	-38,85
702,202	-3,85
702,452	44,15
702,703	-6,85
702,954	-39,85
703,205	46,15
703,456	163,15
703,706	77,15
703,957	-21,85
704,208	-15,85
704,459	-4,85
704,709	-4,85
704,96	-18,85
705,211	-28,85
705,462	52,15
705,712	51,15
705,963	-26,85
706,214	-22,85
706,464	44,15
706,715	170,15
706,966	574,15
707,216	1173,15
707,467	1347,15
707,718	1260,15
707,968	787,15
708,219	349,15
708,47	167,15
708,72	67,15
708,971	-5,85
709,221	-2,85
709,472	51,15
709,722	16,15
709,973	-21,85
710,224	-16,85
710,474	30,15
710,725	8,15
710,975	-26,85
711,226	16,15
711,476	80,15
711,727	30,15
711,977	-14,85
712,228	4,15
712,478	42,15
712,729	37,15
712,979	-5,85
713,229	9,15
713,48	69,15
713,73	45,15
713,981	-10,85
714,231	-1,85
714,482	37,15
714,732	29,15
714,982	42,15
715,233	112,15
715,483	188,15
715,733	140,15
715,984	60,15
716,234	64,15
716,484	97,15
716,735	84,15
716,985	7,15
717,235	22,15
717,486	93,15
717,736	27,15
717,986	-42,85
718,236	-15,85
718,487	67,15
718,737	38,15
718,987	-15,85
719,237	-51,85
719,488	73,15
719,738	85,15
719,988	-43,85
720,238	-27,85
720,489	40,15
720,739	25,15
720,989	-50,85
721,239	7,15
721,489	97,15
721,739	-3,85
721,989	-32,85
722,24	-12,85
722,49	9,15
722,74	50,15
722,99	-5,85
723,24	-35,85
723,49	19,15
723,74	28,15
723,99	-18,85
724,24	-14,85
724,49	-4,85
724,74	-12,85
724,99	-33,85
725,24	-10,85
725,49	43,15
725,741	0,15
725,991	-46,85
726,24	-38,85
726,49	24,15
726,74	14,15
726,99	-8,85
727,24	25,15
727,49	309,15
727,74	522,15
727,99	507,15
728,24	515,15
728,49	433,15
728,74	214,15
728,99	39,15
729,24	44,15
729,49	92,15
729,739	39,15
729,989	-17,85
730,239	3,15
730,489	19,15
730,739	14,15
730,989	-11,85
731,238	-16,85
731,488	87,15
731,738	68,15
731,988	-0,85
732,238	31,15
732,487	80,15
732,737	53,15
732,987	-25,85
733,237	-1,85
733,486	70,15
733,736	55,15
733,986	-16,85
734,236	-11,85
734,485	83,15
734,735	91,15
734,985	-13,85
735,234	9,15
735,484	84,15
735,734	53,15
735,983	2,15
736,233	73,15
736,483	264,15
736,732	62,15
736,982	-36,85
737,231	7,15
737,481	47,15
737,731	72,15
737,98	6,15
738,23	86,15
738,479	598,15
738,729	1518,15
738,978	2173,15
739,228	2228,15
739,477	2037,15
739,727	1226,15
739,977	479,15
740,226	159,15
740,476	172,15
740,725	144,15
740,974	5,15
741,224	-27,85
741,473	34,15
741,723	24,15
741,972	-32,85
742,222	3,15
742,471	63,15
742,721	8,15
742,97	-37,85
743,219	-31,85
743,469	23,15
743,718	17,15
743,967	-18,85
744,217	19,15
744,466	96,15
744,716	53,15
744,965	-7,85
745,214	10,15
745,464	109,15
745,713	81,15
745,962	-5,85
746,211	-13,85
746,461	36,15
746,71	28,15
746,959	-26,85
747,209	-11,85
747,458	65,15
747,707	55,15
747,956	8,15
748,205	9,15
748,455	54,15
748,704	56,15
748,953	-6,85
749,202	28,15
749,451	92,15
749,701	92,15
749,95	107,15
750,199	401,15
750,448	2046,15
750,697	5876,15
750,946	8899,15
751,195	9223,15
751,445	8938,15
751,694	6870,15
751,943	4949,15
752,192	3688,15
752,441	3102,15
752,69	2185,15
752,939	1075,15
753,188	431,15
753,437	273,15
753,686	171,15
753,935	67,15
754,184	1,15
754,433	23,15
754,682	28,15
754,931	-40,85
755,18	-2,85
755,429	81,15
755,678	55,15
755,927	-17,85
756,176	-19,85
756,425	46,15
756,674	43,15
756,923	-33,85
757,172	-14,85
757,421	60,15
757,669	31,15
757,918	-34,85
758,167	-46,85
758,416	31,15
758,665	40,15
758,914	-28,85
759,163	11,15
759,411	59,15
759,66	27,15
759,909	-43,85
760,158	-18,85
760,407	55,15
760,655	18,15
760,904	-24,85
761,153	-5,85
761,402	59,15
761,65	23,15
761,899	-48,85
762,148	-49,85
762,397	-4,85
762,645	30,15
762,894	41,15
763,143	165,15
763,391	696,15
763,64	2591,15
763,889	6163,15
764,138	7930,15
764,386	7810,15
764,635	6546,15
764,883	3676,15
765,132	1511,15
765,381	603,15
765,629	276,15
765,878	97,15
766,126	89,15
766,375	127,15
766,624	196,15
766,872	321,15
767,121	419,15
767,369	431,15
767,618	358,15
767,866	115,15
768,115	50,15
768,363	97,15
768,612	72,15
768,86	-26,85
769,109	9,15
769,357	98,15
769,606	60,15
769,854	11,15
770,103	119,15
770,351	289,15
770,6	264,15
770,848	192,15
771,097	128,15
771,345	94,15
771,593	96,15
771,842	26,15
772,09	24,15
772,338	306,15
772,587	1301,15
772,835	2681,15
773,084	3179,15
773,332	3185,15
773,58	2531,15
773,829	1313,15
774,077	488,15
774,325	232,15
774,573	136,15
774,822	2,15
775,07	0,15
775,318	81,15
775,567	34,15
775,815	-70,85
776,063	-51,85
776,311	-11,85
776,56	11,15
776,808	-40,85
777,056	-37,85
777,304	63,15
777,552	17,15
777,801	-86,85
778,049	-46,85
778,297	37,15
778,545	-15,85
778,793	-40,85
779,041	-14,85
779,289	44,15
779,538	-12,85
779,786	-84,85
780,034	-75,85
780,282	-8,85
780,53	-20,85
780,778	-89,85
781,026	-56,85
781,274	14,15
781,522	-40,85
781,77	-79,85
782,018	-63,85
782,266	21,15
782,514	-28,85
782,762	-84,85
783,01	-62,85
783,258	25,15
783,506	-30,85
783,754	-95,85
784,002	-47,85
784,25	43,15
784,498	24,15
784,746	-44,85
784,994	-16,85
785,242	68,15
785,49	11,15
785,738	-73,85
785,986	-57,85
786,234	19,15
786,481	18,15
786,729	-32,85
786,977	-7,85
787,225	52,15
787,473	-6,85
787,721	-51,85
787,968	22,15
788,216	132,15
788,464	38,15
788,712	-64,85
788,96	-18,85
789,207	57,15
789,455	41,15
789,703	-43,85
789,951	-11,85
790,199	73,15
790,446	44,15
790,694	-37,85
790,942	-9,85
791,189	78,15
791,437	50,15
791,685	-31,85
791,932	0,15
792,18	73,15
792,428	59,15
792,675	-28,85
792,923	14,15
793,171	87,15
793,418	58,15
793,666	-36,85
793,914	-22,85
794,161	49,15
794,409	65,15
794,656	90,15
794,904	514,15
795,152	1470,15
795,399	1984,15
795,647	1940,15
795,894	1753,15
796,142	1146,15
796,389	519,15
796,637	132,15
796,884	23,15
797,132	47,15
797,379	27,15
797,627	-51,85
797,874	-35,85
798,122	15,15
798,369	-3,85
798,617	-58,85
798,864	-20,85
799,112	23,15
799,359	30,15
799,606	-48,85
799,854	-34,85
800,101	61,15
800,349	70,15
800,596	129,15
800,843	529,15
801,091	1048,15
801,338	1159,15
801,585	1435,15
801,833	1857,15
802,08	1871,15
802,327	1587,15
802,575	1236,15
802,822	717,15
803,069	358,15
803,317	129,15
803,564	16,15
803,811	11,15
804,058	78,15
804,306	16,15
804,553	-39,85
804,8	-27,85
805,047	15,15
805,294	11,15
805,542	-67,85
805,789	-25,85
806,036	107,15
806,283	88,15
806,53	-59,85
806,778	-51,85
807,025	54,15
807,272	25,15
807,519	-29,85
807,766	-31,85
808,013	62,15
808,26	46,15
808,507	-44,85
808,754	-32,85
809,002	43,15
809,249	33,15
809,496	-40,85
809,743	1,15
809,99	117,15
810,237	204,15
810,484	665,15
810,731	1641,15
810,978	2222,15
811,225	2304,15
811,472	2416,15
811,719	3564,15
811,966	5522,15
812,213	5917,15
812,46	5532,15
812,707	4022,15
812,954	2072,15
813,201	848,15
813,448	289,15
813,694	151,15
813,941	185,15
814,188	134,15
814,435	-16,85
814,682	20,15
814,929	59,15
815,176	14,15
815,423	-14,85
815,669	12,15
815,916	46,15
816,163	54,15
816,41	-27,85
816,657	-9,85
816,904	41,15
817,15	-5,85
817,397	-48,85
817,644	-17,85
817,891	50,15
818,137	3,15
818,384	-54,85
818,631	-25,85
818,878	58,15
819,124	47,15
819,371	-46,85
819,618	-32,85
819,864	52,15
820,111	52,15
820,358	-18,85
820,604	7,15
820,851	79,15
821,098	43,15
821,344	-40,85
821,591	-34,85
821,838	23,15
822,084	-32,85
822,331	-100,85
822,578	-75,85
822,824	-0,85
823,071	-11,85
823,317	-82,85
823,564	-59,85
823,81	21,15
824,057	-16,85
824,303	-51,85
824,55	-25,85
824,797	9,15
825,043	-17,85
825,29	-60,85
825,536	-47,85
825,783	5,15
826,029	54,15
826,275	75,15
826,522	441,15
826,768	1276,15
827,015	1822,15
827,261	1856,15
827,508	1596,15
827,754	1012,15
828,001	469,15
828,247	145,15
828,493	31,15
828,74	41,15
828,986	46,15
829,232	-42,85
829,479	-50,85
829,725	11,15
829,971	-0,85
830,218	-51,85
830,464	-41,85
830,71	17,15
830,957	35,15
831,203	-64,85
831,449	-2,85
831,696	90,15
831,942	28,15
832,188	-58,85
832,434	-37,85
832,681	5,15
832,927	36,15
833,173	-59,85
833,419	-27,85
833,665	72,15
833,912	-37,85
834,158	-76,85
834,404	-34,85
834,65	-4,85
834,896	-24,85
835,142	-63,85
835,389	-17,85
835,635	-2,85
835,881	-2,85
836,127	-97,85
836,373	-66,85
836,619	-9,85
836,865	-39,85
837,111	-58,85
837,357	-22,85
837,604	49,15
837,85	5,15
838,096	-23,85
838,342	-36,85
838,588	44,15
838,834	1,15
839,08	-41,85
839,326	-27,85
839,572	51,15
839,818	2,15
840,064	-56,85
840,31	-13,85
840,556	89,15
840,802	344,15
841,048	1211,15
841,293	2172,15
841,539	2386,15
841,785	2067,15
842,031	1348,15
842,277	793,15
842,523	937,15
842,769	1770,15
843,015	2351,15
843,261	2255,15
843,506	1860,15
843,752	1074,15
843,998	461,15
844,244	184,15
844,49	104,15
844,736	44,15
844,981	-3,85
845,227	-1,85
845,473	47,15
845,719	20,15
845,965	-42,85
846,21	-71,85
846,456	21,15
846,702	59,15
846,948	-74,85
847,193	-74,85
847,439	-26,85
847,685	-1,85
847,93	-58,85
848,176	-66,85
848,422	-13,85
848,667	18,15
848,913	-52,85
849,159	-47,85
849,404	27,15
849,65	9,15
849,896	-68,85
850,141	-56,85
850,387	23,15
850,632	17,15
850,878	-64,85
851,124	-42,85
851,369	38,15
851,615	-29,85
851,86	-31,85
852,106	108,15
852,351	560,15
852,597	978,15
852,842	974,15
853,088	834,15
853,333	627,15
853,579	305,15
853,824	86,15
854,07	13,15
854,315	74,15
854,561	22,15
854,806	-70,85
855,052	-54,85
855,297	-4,85
855,543	-33,85
855,788	-51,85
856,033	-20,85
856,279	63,15
856,524	19,15
856,77	-76,85
857,015	-75,85
857,26	-20,85
857,506	-15,85
857,751	-54,85
857,996	-59,85
858,242	-32,85
858,487	-25,85
858,732	-47,85
858,978	-34,85
859,223	39,15
859,468	-26,85
859,714	-63,85
859,959	-25,85
860,204	34,15
860,449	-39,85
860,695	-60,85
860,94	-60,85
861,185	-28,85
861,43	-33,85
861,675	-76,85
861,921	-30,85
862,166	33,15
862,411	-16,85
862,656	-68,85
862,901	-51,85
863,146	68,15
863,392	54,15
863,637	-23,85
863,882	-51,85
864,127	-21,85
864,372	-20,85
864,617	-73,85
864,862	-43,85
865,107	67,15
865,352	5,15
865,598	-75,85
865,843	-34,85
866,088	30,15
866,333	0,15
866,578	-32,85
866,823	-13,85
867,068	99,15
867,313	139,15
867,558	102,15
867,803	29,15
868,048	79,15
868,293	52,15
868,538	-51,85
868,783	-7,85
869,028	63,15
869,272	15,15
869,517	-74,85
869,762	-46,85
870,007	46,15
870,252	-0,85
870,497	-47,85
870,742	-13,85
870,987	80,15
871,232	24,15
871,476	-57,85
871,721	-25,85
871,966	40,15
872,211	-14,85
872,456	-68,85
872,701	-50,85
872,945	38,15
873,19	5,15
873,435	-51,85
873,68	-48,85
873,925	15,15
874,169	17,15
874,414	-62,85
874,659	-57,85
874,904	31,15
875,148	-5,85
875,393	-52,85
875,638	-12,85
875,882	31,15
876,127	1,15
876,372	-68,85
876,616	-45,85
876,861	45,15
877,106	28,15
877,35	-60,85
877,595	-43,85
877,84	24,15
878,084	34,15
878,329	-70,85
878,573	-36,85
878,818	-19,85
879,063	-24,85
879,307	-70,85
879,552	-47,85
879,796	22,15
880,041	-3,85
880,285	-53,85
880,53	-32,85
880,774	46,15
881,019	-22,85
881,263	-67,85
881,508	-50,85
881,752	-7,85
881,997	-20,85
882,241	-62,85
882,486	-28,85
882,73	53,15
882,975	-18,85
883,219	-84,85
883,464	-22,85
883,708	42,15
883,952	-4,85
884,197	-72,85
884,441	-19,85
884,686	31,15
884,93	-26,85
885,174	-66,85
885,419	-47,85
885,663	29,15
885,907	-9,85
886,152	-68,85
886,396	-60,85
886,64	-13,85
886,885	28,15
887,129	-30,85
887,373	-23,85
887,618	1,15
887,862	14,15
888,106	-70,85
888,35	-58,85
888,595	29,15
888,839	-1,85
889,083	-78,85
889,327	-68,85
889,571	31,15
889,816	0,15
890,06	-62,85
890,304	-46,85
890,548	23,15
890,792	-8,85
891,036	-77,85
891,281	-69,85
891,525	-3,85
891,769	-2,85
892,013	-65,85
892,257	-38,85
892,501	-11,85
892,745	-12,85
892,989	-92,85
893,233	-42,85
893,478	32,15
893,722	-2,85
893,966	-66,85
894,21	-48,85
894,454	52,15
894,698	78,15
894,942	31,15
895,186	-4,85
895,43	3,15
895,674	11,15
895,918	-50,85
896,162	-61,85
896,406	-29,85
896,65	-20,85
896,894	-78,85
897,137	-40,85
897,381	55,15
897,625	-3,85
897,869	-92,85
898,113	-56,85
898,357	7,15
898,601	-7,85
898,845	-74,85
899,089	-66,85
899,332	-13,85
899,576	-44,85
899,82	-92,85
900,064	-51,85
900,308	25,15
900,552	-41,85
900,795	-98,85
901,039	-72,85
901,283	-30,85
901,527	-38,85
901,771	-77,85
902,014	-36,85
902,258	19,15
902,502	-4,85
902,746	-74,85
902,989	-59,85
903,233	-34,85
903,477	-20,85
903,72	-79,85
903,964	-45,85
904,208	-27,85
904,451	-33,85
904,695	-69,85
904,939	-63,85
905,182	12,15
905,426	-18,85
905,67	-60,85
905,913	-58,85
906,157	30,15
906,4	47,15
906,644	-53,85
906,888	-39,85
907,131	58,15
907,375	23,15
907,618	-45,85
907,862	-31,85
908,105	14,15
908,349	-12,85
908,592	-48,85
908,836	-40,85
909,079	3,15
909,323	13,15
909,566	-33,85
909,81	-87,85
910,053	-36,85
910,297	-31,85
910,54	-67,85
910,784	-73,85
911,027	18,15
911,271	17,15
911,514	-30,85
911,757	-26,85
912,001	47,15
912,244	197,15
912,488	710,15
912,731	1492,15
912,974	1490,15
913,218	915,15
913,461	492,15
913,704	301,15
913,948	285,15
914,191	135,15
914,434	22,15
914,678	14,15
914,921	65,15
915,164	47,15
915,407	-40,85
915,651	-26,85
915,894	37,15
916,137	64,15
916,38	-31,85
916,624	-27,85
916,867	28,15
917,11	14,15
917,353	-44,85
917,597	-36,85
917,84	7,15
918,083	-17,85
918,326	-58,85
918,569	-38,85
918,812	59,15
919,056	0,15
919,299	-46,85
919,542	-49,85
919,785	21,15
920,028	34,15
920,271	-38,85
920,514	-24,85
920,757	9,15
921	-19,85
921,243	-24,85
921,486	-19,85
921,73	78,15
921,973	23,15
922,216	-26,85
922,459	29,15
922,702	218,15
922,945	372,15
923,188	230,15
923,431	125,15
923,674	124,15
923,917	52,15
924,16	-14,85
924,402	-14,85
924,645	10,15
924,888	27,15
925,131	-23,85
925,374	-0,85
925,617	23,15
925,86	11,15
926,103	-38,85
926,346	-43,85
926,589	8,15
926,831	1,15
927,074	-59,85
927,317	-59,85
927,56	9,15
927,803	-7,85
928,046	-61,85
928,288	-51,85
928,531	-19,85
928,774	-19,85
929,017	-65,85
929,26	-33,85
929,502	31,15
929,745	16,15
929,988	-40,85
930,231	-43,85
930,473	17,15
930,716	3,15
930,959	-72,85
931,201	-44,85
931,444	25,15
931,687	-21,85
931,93	-56,85
932,172	-32,85
932,415	62,15
932,658	23,15
932,9	-51,85
933,143	-35,85
933,385	-7,85
933,628	-25,85
933,871	-49,85
934,113	-53,85
934,356	1,15
934,598	-12,85
934,841	-63,85
935,084	-53,85
935,326	-15,85
935,569	-15,85
935,811	-56,85
936,054	-44,85
936,296	-38,85
936,539	-4,85
936,781	-54,85
937,024	-37,85
937,266	17,15
937,509	-1,85
937,751	-61,85
937,994	-45,85
938,236	60,15
938,479	7,15
938,721	-62,85
938,963	-73,85
939,206	8,15
939,448	37,15
939,691	-52,85
939,933	-49,85
940,175	-4,85
940,418	-8,85
940,66	-56,85
940,902	-73,85
941,145	-6,85
941,387	-18,85
941,629	-59,85
941,872	-56,85
942,114	4,15
942,356	38,15
942,599	-48,85
942,841	-39,85
943,083	10,15
943,325	19,15
943,568	-48,85
943,81	-35,85
944,052	12,15
944,294	3,15
944,537	-79,85
944,779	-50,85
945,021	23,15
945,263	-11,85
945,505	-73,85
945,748	-31,85
945,99	32,15
946,232	14,15
946,474	-41,85
946,716	-50,85
946,958	10,15
947,201	-1,85
947,443	-24,85
947,685	-64,85
947,927	-18,85
948,169	25,15
948,411	-64,85
948,653	-29,85
948,895	24,15
949,137	-7,85
949,379	-79,85
949,621	-69,85
949,863	28,15
950,105	-21,85
950,347	-75,85
950,589	-50,85
950,831	41,15
951,073	26,15
951,315	-52,85
951,557	-48,85
951,799	76,15
952,041	93,15
952,283	-59,85
952,525	-61,85
952,767	38,15
953,009	12,15
953,251	-33,85
953,493	-35,85
953,735	24,15
953,976	-19,85
954,218	-72,85
954,46	-78,85
954,702	-33,85
954,944	-54,85
955,186	-65,85
955,427	-45,85
955,669	19,15
955,911	19,15
956,153	-55,85
956,395	-67,85
956,636	-11,85
956,878	-26,85
957,12	-98,85
957,362	-49,85
957,603	18,15
957,845	-13,85
958,087	-54,85
958,329	-35,85
958,57	35,15
958,812	-10,85
959,054	-60,85
959,295	-59,85
959,537	39,15
959,779	-3,85
960,02	-62,85
960,262	-63,85
960,504	9,15
960,745	14,15
960,987	-51,85
961,229	-74,85
961,47	-39,85
961,712	-11,85
961,953	-52,85
962,195	-53,85
962,437	-16,85
962,678	-20,85
962,92	-59,85
963,161	-62,85
963,403	-3,85
963,644	5,15
963,886	-38,85
964,127	-45,85
964,369	22,15
964,61	-25,85
964,852	-72,85
965,093	-68,85
965,335	-3,85
965,576	-26,85
965,818	-31,85
966,059	126,15
966,3	240,15
966,542	106,15
966,783	1,15
967,025	-41,85
967,266	-8,85
967,507	2,15
967,749	-44,85
967,99	-51,85
968,232	-10,85
968,473	7,15
968,714	-64,85
968,956	-51,85
969,197	-3,85
969,438	17,15
969,68	-42,85
969,921	-48,85
970,162	4,15
970,403	12,15
970,645	-32,85
970,886	-35,85
971,127	-6,85
971,368	58,15
971,61	-31,85
971,851	-41,85
972,092	26,15
972,333	-2,85
972,574	-67,85
972,816	-46,85
973,057	18,15
973,298	2,15
973,539	-63,85
973,78	-33,85
974,022	32,15
974,263	-32,85
974,504	-78,85
974,745	-37,85
974,986	42,15
975,227	14,15
975,468	-54,85
975,709	-13,85
975,95	30,15
976,191	-22,85
976,432	-56,85
976,674	-65,85
976,915	59,15
977,156	11,15
977,397	-71,85
977,638	-56,85
977,879	-6,85
978,12	-3,85
978,361	-46,85
978,602	-40,85
978,843	64,15
979,084	24,15
979,324	-49,85
979,565	-46,85
979,806	34,15
980,047	23,15
980,288	-68,85
980,529	-70,85
980,77	-10,85
981,011	11,15
981,252	-72,85
981,493	-52,85
981,734	16,15
981,974	-2,85
982,215	-90,85
982,456	-81,85
982,697	1,15
982,938	6,15
983,179	-65,85
983,419	-64,85
983,66	-32,85
983,901	-35,85
984,142	-81,85
984,382	-51,85
984,623	33,15
984,864	-8,85
985,105	-52,85
985,345	-58,85
985,586	5,15
985,827	-3,85
986,068	-75,85
986,308	-47,85
986,549	-2,85
986,79	-11,85
987,03	-65,85
987,271	-33,85
987,512	24,15
987,752	-20,85
987,993	-55,85
988,234	-29,85
988,474	37,15
988,715	-3,85
988,955	-61,85
989,196	-83,85
989,437	-4,85
989,677	-2,85
989,918	-72,85
990,158	-61,85
990,399	-25,85
990,639	-35,85
990,88	-69,85
991,12	-46,85
991,361	14,15
991,601	3,15
991,842	-78,85
992,082	-79,85
992,323	3,15
992,563	-47,85
992,804	-108,85
993,044	-72,85
993,285	33,15
993,525	-14,85
993,766	-92,85
994,006	-62,85
994,246	23,15
994,487	-41,85
994,727	-87,85
994,968	-63,85
995,208	27,15
995,448	17,15
995,689	-38,85
995,929	-47,85
996,169	5,15
996,41	-21,85
996,65	-76,85
996,89	-66,85
997,131	20,15
997,371	18,15
997,611	-51,85
997,851	-64,85
998,092	18,15
998,332	-5,85
998,572	-74,85
998,812	-54,85
999,053	22,15
999,293	2,15
999,533	-52,85
999,773	-58,85
1000,013	-20,85
1000,254	-11,85
1000,494	-86,85
1000,734	-65,85
1000,974	26,15
1001,214	5,15
1001,454	-68,85
1001,695	-63,85
1001,935	32,15
1002,175	-27,85
1002,415	-73,85
1002,655	-44,85
1002,895	7,15
1003,135	-22,85
1003,375	-58,85
1003,615	-49,85
1003,855	15,15
1004,095	13,15
1004,335	-67,85
1004,575	-25,85
1004,816	27,15
1005,056	-27,85
1005,296	-52,85
1005,536	-57,85
1005,775	-12,85
1006,015	-19,85
1006,255	-77,85
1006,495	-47,85
1006,735	40,15
1006,975	21,15
1007,215	-86,85
1007,455	-80,85
1007,695	-11,85
1007,935	37,15
1008,175	-59,85
1008,415	-40,85
1008,655	-2,85
1008,894	-15,85
1009,134	-70,85
1009,374	-44,85
1009,614	34,15
1009,854	-42,85
1010,094	-42,85
1010,334	-24,85
1010,573	-16,85
1010,813	-42,85
1011,053	-77,85
1011,293	-63,85
1011,532	22,15
1011,772	44,15
1012,012	-64,85
1012,252	-45,85
1012,491	15,15
1012,731	-10,85
1012,971	-43,85
1013,211	-48,85
1013,45	-0,85
1013,69	-29,85
1013,93	-66,85
1014,169	-58,85
1014,409	61,15
1014,649	-15,85
1014,888	-80,85
1015,128	-75,85
1015,368	7,15
1015,607	-15,85
1015,847	-72,85
1016,086	-56,85
1016,326	10,15
1016,566	-3,85
1016,805	-34,85
1017,045	-40,85
1017,284	31,15
1017,524	-24,85
1017,763	-78,85
1018,003	-96,85
1018,242	-12,85
1018,482	32,15
1018,721	-69,85
1018,961	-54,85
1019,2	-3,85
1019,44	6,15
1019,679	-75,85
1019,919	-56,85
1020,158	0,15
1020,398	-27,85
1020,637	-74,85
1020,877	-60,85
1021,116	9,15
1021,355	-1,85
1021,595	-57,85
1021,834	-42,85
1022,074	-7,85
1022,313	-44,85
1022,552	-90,85
1022,792	-59,85
1023,031	55,15
1023,27	0,15
1023,51	-60,85
1023,749	-34,85
1023,988	-5,85
1024,228	-11,85
1024,467	-89,85
1024,706	-66,85
1024,946	30,15
1025,185	-26,85
1025,424	-81,85
1025,663	-75,85
1025,903	6,15
1026,142	-8,85
1026,381	-67,85
1026,62	-68,85
1026,859	-16,85
1027,099	-31,85
1027,338	-84,85
1027,577	-67,85
1027,816	44,15
1028,055	10,15
1028,295	-56,85
1028,534	-18,85
1028,773	81,15
1029,012	14,15
1029,251	-56,85
1029,49	-52,85
1029,729	22,15
1029,968	-4,85
1030,207	-88,85
1030,447	-54,85
1030,686	42,15
1030,925	10,15
1031,164	-63,85
1031,403	-63,85
1031,642	4,15
1031,881	-28,85
1032,12	-101,85
1032,359	-55,85
1032,598	-4,85
1032,837	-32,85
1033,076	-85,85
1033,315	-52,85
1033,554	19,15
1033,793	19,15
1034,032	-84,85
1034,271	-64,85
1034,509	43,15
1034,748	-11,85
1034,987	-66,85
1035,226	-63,85
1035,465	-22,85
1035,704	-44,85
1035,943	-90,85
1036,182	-56,85
1036,421	43,15
1036,659	-4,85
1036,898	-73,85
1037,137	-42,85
1037,376	29,15
1037,615	-21,85
1037,853	-88,85
1038,092	-52,85
1038,331	40,15
1038,57	-20,85
1038,809	-84,85
1039,047	-27,85
1039,286	47,15
1039,525	2,15
1039,764	-51,85
1040,002	-63,85
1040,241	13,15
1040,48	-33,85
1040,718	-75,85
1040,957	-77,85
1041,196	-7,85
1041,434	-18,85
1041,673	-81,85
1041,912	-55,85
1042,15	53,15
1042,389	-10,85
1042,628	-70,85
1042,866	-37,85
1043,105	35,15
1043,343	-20,85
1043,582	-70,85
1043,821	-43,85
1044,059	24,15
1044,298	44,15
1044,536	-68,85
1044,775	-44,85
1045,013	-1,85
1045,252	1,15
1045,49	-62,85
1045,729	-38,85
1045,967	51,15
1046,206	-0,85
1046,444	-62,85
1046,683	-41,85
1046,921	22,15
1047,16	-17,85
1047,398	-69,85
1047,637	-22,85
1047,875	81,15
1048,114	-6,85
1048,352	-82,85
1048,59	-51,85
1048,829	-3,85
1049,067	-23,85
1049,306	-64,85
1049,544	-34,85
1049,782	43,15
1050,021	12,15
1050,259	-65,85
1050,497	-50,85
1050,736	40,15
1050,974	9,15
1051,212	-65,85
1051,451	-54,85
1051,689	49,15
1051,927	39,15
1052,165	-87,85
1052,404	-67,85
1052,642	21,15
1052,88	-8,85
1053,118	-93,85
1053,357	-50,85
1053,595	21,15
1053,833	-12,85
1054,071	-95,85
1054,309	-75,85
1054,548	14,15
1054,786	-25,85
1055,024	-81,85
1055,262	-38,85
1055,5	28,15
1055,738	-15,85
1055,977	-90,85
1056,215	-70,85
1056,453	-23,85
1056,691	-47,85
1056,929	-93,85
1057,167	-58,85
1057,405	13,15
1057,643	-13,85
1057,881	-62,85
1058,119	-47,85
1058,357	50,15
1058,595	64,15
1058,833	-56,85
1059,071	-54,85
1059,309	32,15
1059,547	12,15
1059,785	-86,85
1060,023	-59,85
1060,261	41,15
1060,499	30,15
1060,737	-64,85
1060,975	-50,85
1061,213	-55,85
1061,451	-50,85
1061,689	-58,85
1061,927	-48,85
1062,165	56,15
1062,403	15,15
1062,641	-63,85
1062,878	-57,85
1063,116	-30,85
1063,354	-23,85
1063,592	-80,85
1063,83	-57,85
1064,068	-17,85
1064,305	4,15
1064,543	-56,85
1064,781	-51,85
1065,019	5,15
1065,257	-26,85
1065,494	-90,85
1065,732	-55,85
1065,97	25,15
1066,208	-6,85
1066,445	-84,85
1066,683	-58,85
1066,921	-17,85
1067,159	-41,85
1067,396	-67,85
1067,634	-54,85
1067,872	-15,85
1068,109	-10,85
1068,347	-81,85
1068,585	-38,85
1068,822	-1,85
1069,06	9,15
1069,298	-82,85
1069,535	-45,85
1069,773	38,15
1070,011	-0,85
1070,248	-97,85
1070,486	-60,85
1070,723	31,15
1070,961	54,15
1071,198	-54,85
1071,436	-26,85
1071,674	44,15
1071,911	-19,85
1072,149	-69,85
1072,386	-8,85
1072,624	65,15
1072,861	-2,85
1073,099	-60,85
1073,336	-52,85
1073,574	20,15
1073,811	23,15
1074,049	-43,85
1074,286	-45,85
1074,523	17,15
1074,761	-15,85
1074,998	-74,85
1075,236	-84,85
1075,473	-2,85
1075,71	-2,85
1075,948	-63,85
1076,185	-49,85
1076,423	33,15
1076,66	-3,85
1076,897	-81,85
1077,135	-44,85
1077,372	15,15
1077,609	-19,85
1077,847	-69,85
1078,084	-45,85
1078,321	7,15
1078,559	11,15
1078,796	-31,85
1079,033	-31,85
1079,27	63,15
1079,508	47,15
1079,745	-85,85
1079,982	-49,85
1080,219	9,15
1080,457	16,15
1080,694	-83,85
1080,931	-66,85
1081,168	-16,85
1081,405	-3,85
1081,643	-82,85
1081,88	-55,85
1082,117	-7,85
1082,354	-40,85
1082,591	-97,85
1082,828	-38,85
1083,065	83,15
1083,302	-9,85
1083,54	-67,85
1083,777	-32,85
1084,014	38,15
1084,251	-24,85
1084,488	-104,85
1084,725	-52,85
1084,962	90,15
1085,199	4,15
1085,436	-81,85
1085,673	-64,85
1085,91	14,15
1086,147	17,15
1086,384	-70,85
1086,621	-79,85
1086,858	-9,85
1087,095	-6,85
1087,332	-63,85
1087,569	-42,85
1087,806	-2,85
1088,043	-19,85
1088,28	-87,85
1088,517	-55,85
1088,754	-0,85
1088,991	5,15
1089,227	-63,85
1089,464	-36,85
1089,701	64,15
1089,938	48,15
1090,175	-61,85
1090,412	-14,85
1090,649	48,15
1090,885	-2,85
1091,122	-66,85
1091,359	-60,85
1091,596	-17,85
1091,833	-20,85
1092,069	-60,85
1092,306	-23,85
1092,543	19,15
1092,78	-43,85
1093,017	-70,85
1093,253	-44,85
1093,49	5,15
1093,727	-34,85
1093,963	-76,85
1094,2	-46,85
1094,437	7,15
1094,674	-26,85
1094,91	-93,85
1095,147	-73,85
1095,384	12,15
1095,62	-12,85
1095,857	-57,85
1096,093	-59,85
1096,33	-8,85
1096,567	-7,85
1096,803	-75,85
1097,04	-59,85
1097,277	-1,85
1097,513	1,15
1097,75	-59,85
1097,986	-51,85
1098,223	26,15
1098,459	4,15
1098,696	-80,85
1098,932	-65,85
1099,169	15,15
1099,405	11,15
1099,642	-110,85
1099,878	-60,85
1100,115	42,15
1100,351	21,15
1100,588	-64,85
1100,824	-29,85
1101,061	17,15
1101,297	-21,85
1101,534	-63,85
1101,77	-36,85
1102,006	26,15
1102,243	57,15
1102,479	-73,85
1102,716	-54,85
1102,952	37,15
1103,188	-0,85
1103,425	-36,85
1103,661	-65,85
1103,897	3,15
1104,134	-31,85
1104,37	-90,85
1104,606	-55,85
1104,843	-3,85
1105,079	-38,85
1105,315	-65,85
1105,552	-36,85
1105,788	2,15
1106,024	-2,85
1106,26	-57,85
1106,497	-51,85
1106,733	5,15
1106,969	-10,85
1107,205	-75,85
1107,442	-16,85
1107,678	76,15
1107,914	-12,85
1108,15	-102,85
1108,386	-65,85
1108,622	54,15
1108,859	9,15
1109,095	-84,85
1109,331	-50,85
1109,567	-12,85
1109,803	-32,85
1110,039	-105,85
1110,275	-89,85
1110,512	-17,85
1110,748	4,15
1110,984	-95,85
1111,22	-74,85
1111,456	54,15
1111,692	39,15
1111,928	-64,85
1112,164	-50,85
1112,4	36,15
1112,636	33,15
1112,872	-43,85
1113,108	-47,85
1113,344	70,15
1113,58	186,15
1113,816	-67,85
1114,052	-46,85
1114,288	82,15
